28

0
1
2
3
4
5
6
7
8
9
10
11
12
13
14
15
16
17
18
19
20
21
22
23
24
25
26
27

9
9
9
9
9
9
9
9
9
9
9
9
9
9
9
9
9
9
9
9
9
9
9
9
9
9
9
9

-45 15.75 0
-36 15.75 0
-36 24.75 0
-45 24.75 0
-31.5 15.75 0
-22.5 15.75 0
-22.5 24.75 0
-31.5 24.75 0
-18 15.75 0
-9 15.75 0
-9 24.75 0
-18 24.75 0
-4.5 15.75 0
4.5 15.75 0
4.5 24.75 0
-4.5 24.75 0
9 15.75 0
18 15.75 0
18 24.75 0
9 24.75 0
22.5 15.75 0
31.5 15.75 0
31.5 24.75 0
22.5 24.75 0
36 15.75 0
45 15.75 0
45 24.75 0
36 24.75 0
-45 2.25 0
-36 2.25 0
-36 11.25 0
-45 11.25 0
-31.5 2.25 0
-22.5 2.25 0
-22.5 11.25 0
-31.5 11.25 0
-18 2.25 0
-9 2.25 0
-9 11.25 0
-18 11.25 0
-4.5 2.25 0
4.5 2.25 0
4.5 11.25 0
-4.5 11.25 0
9 2.25 0
18 2.25 0
18 11.25 0
9 11.25 0
22.5 2.25 0
31.5 2.25 0
31.5 11.25 0
22.5 11.25 0
36 2.25 0
45 2.25 0
45 11.25 0
36 11.25 0
-45 -11.25 0
-36 -11.25 0
-36 -2.25 0
-45 -2.25 0
-31.5 -11.25 0
-22.5 -11.25 0
-22.5 -2.25 0
-31.5 -2.25 0
-18 -11.25 0
-9 -11.25 0
-9 -2.25 0
-18 -2.25 0
-4.5 -11.25 0
4.5 -11.25 0
4.5 -2.25 0
-4.5 -2.25 0
9 -11.25 0
18 -11.25 0
18 -2.25 0
9 -2.25 0
22.5 -11.25 0
31.5 -11.25 0
31.5 -2.25 0
22.5 -2.25 0
36 -11.25 0
45 -11.25 0
45 -2.25 0
36 -2.25 0
-45 -24.75 0
-36 -24.75 0
-36 -15.75 0
-45 -15.75 0
-31.5 -24.75 0
-22.5 -24.75 0
-22.5 -15.75 0
-31.5 -15.75 0
-18 -24.75 0
-9 -24.75 0
-9 -15.75 0
-18 -15.75 0
-4.5 -24.75 0
4.5 -24.75 0
4.5 -15.75 0
-4.5 -15.75 0
9 -24.75 0
18 -24.75 0
18 -15.75 0
9 -15.75 0
22.5 -24.75 0
31.5 -24.75 0
31.5 -15.75 0
22.5 -15.75 0
36 -24.75 0
45 -24.75 0
45 -15.75 0
36 -15.75 0


